042584
113887
136166
140196
148380
149747
171558
173265
176149
177802
181032
181537
183551
185186
022579
037952
154113
171664
175828
176685
181976
039422
041587
045221
074494
080140
086886
091357
097684
098341
117714
121177
124514
124602
134622
139304
143675
145037
149766
156424
158820
159720
161212
165506
176366
184777
184823
184830
184879
010647
010772
011077
011159
011818
011983
012379
012567
012598
012642
012670
012893
013023
013048
013133
013371
013391
013395
013431
013555
013950
014044
014242
014324
014366
014597
014893
015013
015320
015393
015669
015691
015718
015789
016226
016249
016255
016290
016785
016892
017323
017340
017354
017592
017643
017875
017881
017954
018118
018379
018874
018986
019057
019167
019181
019402
019599
019699
019820
019899
019962
019963
020134
020137
020172
020214
020280
020296
020314
020557
020602
020623
020680
020733
020735
020746
020810
020943
020954
020958
020964
020979
020987
020990
020992
021005
021012
021038
021068
021070
021114
021127
021136
021138
021151
021163
021182
021186
021203
021216
021237
021284
021309
021327
021331
021339
021340
021355
021359
021404
021409
021436
021451
021461
021468
021504
021550
021553
021593
021603
021606
021616
021618
021727
021734
021739
021750
021801
021805
021813
021843
021878
021908
021953
022124
022282
022339
022385
022487
022508
022609
022723
022738
023034
023064
023097
023099
023139
023166
023169
023196
023337
023453
023530
023542
023727
023840
024067
024102
024143
024184
024198
024231
024421
024610
024811
024813
024848
024864
024865
024872
024878
024895
024915
024919
024958
024976
024979
024986
025003
025038
025128
025158
025208
025224
025236
025241
025296
025417
025489
025491
025605
025610
026121
026133
026206
026208
026218
026234
026307
026343
026478
026576
026641
026668
026679
026844
026913
026962
027186
027388
027486
027487
027504
027522
027533
027543
027646
027678
027705
027715
027858
027950
027989
028000
028103
028135
028158
028182
028258
028349
028377
028416
028446
028596
028637
028720
028844
028850
028871
028894
028899
028900
028906
028912
028921
028944
028945
028955
028957
028967
028988
028994
029008
029026
029028
029037
029054
029077
029136
029138
029158
029163
029192
029227
029359
029390
029582
029604
029668
029731
029785
029807
029840
029845
029853
029879
029892
029913
029916
029924
029946
029948
030007
030008
030063
030068
030085
030100
030113
030167
030356
030445
030462
030463
030465
030499
030509
030511
030513
030515
030516
030544
030553
030576
030577
030585
030591
030629
030666
030671
030719
030731
030759
030780
030828
030836
030891
030912
030939
030945
030964
031124
031146
031211
031244
031262
031285
031347
031427
031456
031470
031484
031567
031572
031581
031582
031636
031663
031737
031764
031848
031852
031871
031890
031899
031928
031930
031952
031957
032004
032005
032021
032033
032036
032052
032108
032109
032115
032125
032171
032179
032238
032323
032406
032462
032484
032554
032566
032569
032586
032613
032643
032658
032663
032673
032969
033012
033046
033076
033117
033230
033246
033268
033332
033374
033381
033383
033387
033400
033409
033410
033419
033421
033428
033439
033462
033474
033504
033517
033522
033531
033568
033585
033596
033601
033626
033630
033635
033665
033678
033696
033697
033699
033700
033711
033714
033742
033784
033810
033855
033914
033955
033982
033988
033994
034000
034042
034160
034213
034248
034263
034342
034488
034593
034670
034698
034708
034710
034711
034712
034718
034719
034721
034724
034734
034761
034767
034768
034769
034780
034784
034794
034797
034820
034823
034830
034831
034876
034904
034913
034935
034939
034958
034971
035021
035023
035126
035142
035180
035183
035273
035277
035305
035380
035390
035413
035418
035457
035463
035519
035640
035648
035650
035682
035719
035763
035771
035776
035794
035940
035998
036037
036040
036043
036051
036056
036074
036078
036086
036113
036116
036143
036161
036186
036215
036217
036229
036239
036245
036302
036317
036350
036359
036363
036477
036542
036545
036626
036628
036757
036770
036783
036789
036865
036868
037059
037092
037095
037098
037105
037114
037115
037197
037228
037236
037241
037256
037267
037268
037269
037285
037324
037325
037340
037343
037355
037365
037429
037438
037464
037514
037568
037715
037759
037814
037828
037851
037871
037904
037909
037960
037979
038031
038143
038144
038185
038204
038316
038331
038337
038340
038342
038344
038347
038348
038350
038352
038362
038364
038370
038378
038381
038417
038424
038450
038452
038458
038462
038463
038484
038503
038589
038614
038684
038747
038776
038782
038801
038817
038833
038885
038947
039002
039004
039005
039073
039182
039219
039250
039255
039261
039293
039349
039353
039360
039366
039378
039404
039426
039427
039446
039497
039541
039571
039578
039603
039629
039651
039671
039675
039695
039708
039745
039802
039828
039850
039884
039893
039901
040025
040166
040176
040246
040277
040361
040430
040531
040543
040546
040567
040571
040587
040604
040608
040714
040731
040780
040802
040833
040913
040939
040958
041080
041096
041127
041187
041207
041243
041267
041360
041362
041411
041427
041434
041465
041532
041621
041643
041801
041806
041807
041956
041961
041962
041964
041966
041985
041986
042088
042186
042219
042271
042431
042438
042440
042441
042466
042503
042506
042530
042576
042619
042629
042631
042643
042672
042712
042765
042810
042899
042951
042991
043004
043185
043279
043312
043337
043364
043398
043435
043456
043457
043508
043556
043617
043623
043651
043657
043690
043706
043720
043812
043824
043841
043852
043895
043990
044016
044083
044177
044211
044258
044397
044401
044427
044504
044666
044702
044721
044733
044832
044854
044973
045062
045107
045126
045195
045208
045266
045271
045277
045293
045298
045531
045634
045684
045761
045807
045840
045841
045881
045970
045973
045983
045987
046127
046186
046293
046425
046439
046441
046443
046547
046583
046598
046667
046744
046798
046808
046834
046855
046913
046968
046994
046996
047060
047203
047233
047324
047467
047650
047679
047757
047897
047899
047932
047957
047964
047997
048015
048028
048062
048068
048090
048133
048157
048243
048269
048278
048346
048383
048572
048573
048735
048796
048880
048957
049007
049068
049095
049343
049363
049378
049385
049388
049427
049428
049472
049528
049689
049692
049754
049772
049778
049811
049903
049936
049979
049987
051828
052685
052767
057126
057474
072581
072610
072633
072771
072855
072938
072974
072985
072989
073138
073165
073214
073362
073364
073441
073450
073506
073535
073541
073634
073641
073667
073668
073677
073814
074362
074453
074492
074590
074682
074717
074739
074858
074943
075026
076360
076581
076602
076636
076653
076827
076892
076913
077040
077084
077111
077294
077330
077343
077513
077516
077582
077645
077682
077758
077833
077856
077926
078045
078126
078127
078183
078190
078237
078251
078300
078374
078560
080091
080151
080203
080292
080358
080518
080529
080535
080550
081035
081609
081953
082072
082078
082106
082111
082149
082187
082220
082233
082321
082327
082415
082420
082427
082441
082634
082642
082785
082962
082972
082990
083141
083279
083383
083416
083455
083486
083706
083827
084327
086105
086127
086140
086227
086269
086307
086715
086716
086969
087308
087317
087427
087439
087546
087591
087623
087629
087648
087683
087687
087692
087693
087814
087815
087837
087904
087938
087951
087989
088271
088299
088304
088323
088731
088854
088861
088866
088936
089547
089681
089804
090074
090236
090580
090686
091135
091157
091241
091300
091326
091568
091633
091688
092156
092165
092289
092318
092352
092438
092451
092699
093129
093523
093584
093608
093755
094090
094154
094183
094227
094230
094392
094478
094485
094668
094863
094913
094934
094940
095109
095111
095272
095885
096143
096332
096435
096595
096630
097480
097500
097503
097565
097585
097603
097605
097614
097691
097718
097772
097863
098322
098596
098619
098852
099115
099226
099316
099527
099641
099821
099891
100510
100542
100680
100698
100710
100740
100762
100775
100780
100819
100909
100976
100985
101080
101121
101127
101139
101144
101488
101643
101674
101706
101850
101856
102165
102611
102761
103282
103652
103902
104032
104083
104251
104341
104447
104464
104475
104501
104516
104728
104736
104768
104786
104929
105413
106600
107311
107355
107407
107411
107413
107493
107496
107572
107769
107827
107867
108137
108160
108524
108677
108868
109049
109098
109253
109557
109570
109584
109845
109868
109884
110099
110117
110197
110199
110825
112401
114532
114637
114652
114751
114800
114834
114878
115097
115274
115341
115898
116089
116233
116479
116538
116868
117024
117443
117610
117742
118112
118743
119549
119557
119645
119718
119761
119895
120618
120758
120956
121128
121464
121486
121631
121646
121904
122177
123217
123579
124001
124317
124480
124591
124653
124723
124798
125028
125090
125267
125299
125669
125825
125919
126185
126543
126785
127297
127476
127988
128115
128477
128512
129111
129609
129955
130041
130059
130065
130078
130100
130126
130174
130178
130183
130185
130197
130257
130288
130335
130414
130519
130522
130534
130767
130768
131008
131253
131297
131480
131767
132014
132035
132088
132295
132305
132309
132758
133946
133965
134156
134362
134387
134414
134431
134537
134552
134632
134728
134821
134832
134885
134979
135080
135181
135189
135191
135275
135333
135349
135354
135392
135562
135576
135695
135771
135796
135846
135904
135918
136307
136506
136618
136679
136753
136929
137048
137058
137620
138341
138620
138752
138917
138976
139057
139201
139241
139244
139254
139279
139283
139296
139398
139400
139568
139656
139742
139747
139858
139875
139879
139926
139985
140509
140698
140759
140763
140783
140829
141117
142150
142185
142263
142449
142623
142651
142956
143027
143073
143162
143326
143388
143415
143437
143447
143482
143510
143528
143853
144121
144252
144962
144969
145235
145432
145455
145530
145665
145735
145769
145770
145842
145847
145851
145853
145858
145877
145905
145933
146407
146668
146680
147491
147529
147702
147784
147881
148023
148049
148117
148127
148142
148150
148157
148217
148228
148403
148418
148490
148527
148533
148563
148595
148865
149034
149108
149128
149148
149727
149771
149798
149802
149976
150054
150056
150135
150162
150245
150418
151219
151240
151242
151338
151787
151801
151809
151994
152014
152025
152038
152104
152116
152133
152228
152241
152242
152244
152248
152277
152328
152347
152359
152427
152444
152468
152470
152601
152629
152639
152662
152664
152803
152818
152853
152863
152883
152944
153014
153107
153351
153388
153463
153644
153758
153999
154102
154156
154380
154495
154749
154871
155227
155255
155467
155749
156054
156124
156169
156318
156327
156357
156378
156447
156460
156514
156536
156589
156615
156631
156632
156633
156638
156653
156663
156681
156823
156834
156860
156886
157171
157215
157216
157225
157370
157709
157710
157878
157910
158113
158216
158221
158334
158387
158477
158799
158815
158847
158866
158908
158922
158933
158945
159631
159675
159689
159708
159738
159745
160709
160997
161304
161420
161441
161447
161468
161520
161533
161541
161549
161558
162023
162047
162062
162074
162197
162289
162327
162936
162996
163127
163177
163261
163553
163615
163620
163637
163679
163683
163714
163719
163744
163758
163786
163793
163796
163874
163943
163949
163969
163985
163990
164015
164045
164055
164070
164128
164594
164893
164929
164944
165179
165357
165360
165374
165401
165473
165487
165498
165515
165517
165583
165591
165592
165597
165617
165627
165658
165716
165767
165775
165792
165800
165835
165851
165885
165921
165960
165963
166235
166252
166283
166306
166316
166380
166464
166469
166841
166886
167024
167338
167590
167602
167679
167967
167971
167976
168032
168034
168101
168106
168115
168121
168142
168143
168267
168275
168568
168602
169859
170106
170286
170293
170406
170469
170485
170488
170540
170552
170557
170564
170565
170608
170619
170630
170643
170701
170737
170739
170743
170744
170774
170797
170826
170848
170855
170856
170874
170888
170916
170921
170951
170968
170985
170986
170988
170993
171006
171011
171040
171047
171059
171070
171074
171093
171101
171369
171382
171390
171405
171406
171420
171430
171454
171479
171487
171488
171491
171493
171505
171511
171516
171531
171540
171583
171584
171644
171699
171712
172108
172127
172141
172153
172178
172190
172241
172244
172254
172260
172269
172288
172375
172421
172423
172436
172690
172696
172712
172715
172825
172829
172857
172901
173106
173165
173250
173252
173255
173269
173278
173312
173321
173804
173908
174002
174083
174099
174643
175058
175079
175128
175170
175247
175264
175271
175288
175297
175307
175319
175332
175340
175342
175350
175356
175369
175406
175407
175410
175435
175449
175459
175464
175469
175508
175535
175541
175543
175548
175554
175603
175618
175621
175625
175629
175637
175642
175657
175683
175694
175707
175710
175726
175732
175740
175742
175744
175746
175747
175760
175770
175775
175781
175792
175794
175800
175836
175841
175842
175853
175854
175862
175868
175870
175877
175882
175887
175900
175904
175907
175912
175918
175973
176003
176009
176019
176021
176024
176025
176026
176030
176035
176037
176042
176074
176089
176109
176114
176115
176133
176164
176173
176179
176201
176215
176218
176219
176227
176237
176243
176244
176246
176306
176326
176342
176349
176358
176359
176449
176497
176502
176503
176520
176530
176543
176612
176680
176741
176773
176775
176804
176921
177015
177254
177271
177286
177441
177465
177538
177603
177644
177662
177685
177750
177863
177915
177919
177990
178150
178154
178193
178232
178419
178543
178701
178861
178939
178994
179446
179452
179650
179718
179936
180046
180063
180183
180185
180189
180219
180220
180225
180282
180289
180293
180385
180393
180394
180395
180397
180405
180420
180484
180486
180498
180502
180873
180880
180893
180900
180903
180907
180909
180913
180920
180927
180963
181040
181054
181062
181108
181111
181117
181122
181133
181147
181160
181357
181395
181421
181507
181664
181745
181761
181822
181894
181902
181903
181914
182446
182453
182744
182854
182859
184762
184844
999666